1500458
1501046
1502624
1503711
1507179
1508456
1518584
1520151
1523238
1524372
1525251
1527519
1528266
1532764
1534351
1537839
1538771
1546399
1547233
1547915
1548600
1548751
1550130
1552119
1552917
1554765
1555209
1558247
1562387
1566919
1567044
1567809
1568117
1568525
1573776
1575483
1576980
1578211
1579404
1580698
1582785
1586699
1592578
1592825
1593773
1597364
1598868
1600464
1600689
1603837
1606439
1607966
1608102
1610743
1612260
1612446
1612878
1616621
1618971
1619640
1627385
1631656
1635940
1640048
1656646
1664140
1672015
1672822
1683270
1688415
1688580
1696483
1697164
1699460
1700202
1706453
1709235
1714563
1715724
1720012
1729452
1734237
1736346
1737903
1738593
1742445
1744468
1750350
1755355
1755622
1762973
1768740
1773837
1777194
1782286
1787405
1791208
1793998
1794266
1795501
1796065
1797416
1799458
1818158
1820789
1828172
1829586
1833701
1839468
1840596
1846290
1847682
1851216
1855912
1858284
1860218
1863098
1864842
1870790
1872805
1874227
1876900
1882522
1883623
1888196
1892401
1897334
1897885
1901157
1903707
1905225
1906389
1908191
1912813
1923452
1926211
1931835
1937531
1951544
1955942
1960884
1962923
1972171
1974244
1981700
1983786
1986432
1987516
1992670
1997395
2001082
2002206
2003578
2010038
2014022
2015442
2022961
2029070
2035409
2043306
2044264
2049788
2050520
2057269
2058130
2059942
2061662
2065373
2066149
2076472
2080760
2082984
2094163
2097079
2098079
2105773
2122377
2122779
2125577
2134597
2140846
2152681
2162270
2162391
2168759
2173469
2195902
2199962
2216168
2217910
2219714
2227630
2236638
2240393
2242095
2242880
2254371
2273995
2276691
2297373
2309777
2319639
2327666
2330920
2340489
2366742
2372398
2384166
2389242
2396438
2399136
2409150
2417337
2434760
2437905
2439890
2487529
2497619
2501622
2505647
2551159
2570308
2599746
2602684
2603792
2609159
2637070
2670301
2722169
2725961
2726991
2737072
2751890
2816953
2862333
2884345
2923264
2940448
2940618
2948362
2958670
2962967
2964879
2976681
3000006
3000507
3016237
3023657
3040287
3048139
3081518
3105187
3124858
3157018
3168976
3184337
3186291
3228577
3231885
3243613
3290986
3299793
3300552
3359593
3366009
3398941
3430779
3459862
3466391
3481688
3495162
3495296
3524187
3553921
3726273
3801524
3858679
3915963
4021582
4028952
4109623
4119955
4159177
4242206
4330613
4334133
4353948
4378421
4416966
4520957
4739136
4756626
4947594
4956548
4981304
4984460
5132202
5631482
5690949
6413442
6915936
